0.005221843719482422, 0, 0
0.011409759521484375, 0, 0
0.01896810531616211, 0, 0
0.02408599853515625, 0, 0
0.030299901962280273, 0, 2
0.0366520881652832, 1, 7
0.04179215431213379, 1, 16
0.048033714294433594, 2, 46
0.05350065231323242, 2, 46
0.05988788604736328, 2, 70
0.06526470184326172, 3, 89
0.07230281829833984, 4, 89
0.07871460914611816, 4, 89
0.08390235900878906, 5, 99
0.0900113582611084, 6, 99
0.09574580192565918, 6, 108
0.10138058662414551, 7, 112
0.10775637626647949, 8, 114
0.11313414573669434, 9, 120
0.12020087242126465, 10, 122
0.12630772590637207, 10, 130
0.13156962394714355, 11, 134
0.13791608810424805, 12, 134
0.1433560848236084, 13, 136
0.14948582649230957, 14, 140
0.15485215187072754, 14, 137
0.16091609001159668, 15, 137
0.16725873947143555, 16, 143
0.173553466796875, 17, 144
0.17971396446228027, 18, 144
0.18508625030517578, 19, 150
0.1911146640777588, 20, 151
0.19761180877685547, 20, 146
0.20298457145690918, 22, 145
0.20922112464904785, 22, 149
0.21431589126586914, 23, 150
0.22134709358215332, 24, 151
0.2277069091796875, 26, 154
0.2331247329711914, 26, 154
0.23941969871520996, 27, 151
0.24480891227722168, 28, 151
0.25086164474487305, 29, 154
0.25699687004089355, 30, 150
0.26995372772216797, 32, 151
0.27749085426330566, 33, 151
0.2827751636505127, 34, 152
0.2891995906829834, 34, 157
0.2943401336669922, 36, 155
0.30075883865356445, 36, 153
0.3068993091583252, 38, 155
0.31218457221984863, 38, 151
0.3183176517486572, 39, 153
0.3248405456542969, 40, 156
0.33109235763549805, 41, 157
0.33753299713134766, 42, 158
0.34285902976989746, 43, 159
0.34906721115112305, 44, 159
0.3541989326477051, 45, 155
0.3606235980987549, 46, 154
0.3668501377105713, 47, 154
0.3731417655944824, 48, 154
0.3792862892150879, 48, 154
0.38463616371154785, 50, 157
0.39070820808410645, 50, 155
0.3968513011932373, 52, 155
0.40206313133239746, 52, 158
0.4082357883453369, 53, 156
0.41375017166137695, 54, 156
0.41999125480651855, 55, 156
0.4274470806121826, 56, 153
0.4326760768890381, 57, 153
0.4389770030975342, 58, 156
0.44411325454711914, 59, 155
0.4506502151489258, 60, 154
0.456744909286499, 61, 155
0.4621713161468506, 62, 157
0.46834707260131836, 63, 156
0.4747812747955322, 64, 157
0.4810357093811035, 64, 161
0.48737120628356934, 66, 156
0.4926109313964844, 66, 155
0.49886107444763184, 68, 155
0.5039834976196289, 68, 156
0.5100877285003662, 69, 156
0.5161778926849365, 70, 156
0.5214645862579346, 71, 160
0.5288567543029785, 72, 156
0.5339677333831787, 73, 158
0.5402114391326904, 74, 155
0.5465555191040039, 75, 153
0.5516085624694824, 76, 153
0.5579273700714111, 77, 156
0.5633387565612793, 78, 155
0.5694983005523682, 78, 155
0.5766172409057617, 80, 157
0.5818071365356445, 80, 153
0.5882172584533691, 82, 152
0.5936963558197021, 82, 156
0.6000111103057861, 83, 156
0.6057658195495605, 84, 155
0.6113989353179932, 85, 161
0.617755651473999, 86, 161
0.6231720447540283, 87, 156
0.6301171779632568, 88, 156
0.6361837387084961, 89, 158
0.64145827293396, 90, 155
0.6477785110473633, 91, 155
0.6532516479492188, 92, 155
0.6595585346221924, 94, 155
0.6714303493499756, 95, 159
0.679060697555542, 96, 161
0.6841826438903809, 96, 156
0.6906650066375732, 98, 158
0.696789026260376, 98, 156
0.7021753787994385, 99, 151
0.7083425521850586, 100, 154
0.7138082981109619, 101, 155
0.7200872898101807, 102, 155
0.7272391319274902, 103, 158
0.732337474822998, 104, 158
0.73880934715271, 105, 155
0.7439343929290771, 106, 155
0.7500338554382324, 107, 154
0.755791187286377, 108, 156
0.7614524364471436, 109, 155
0.7678084373474121, 110, 157
0.7732377052307129, 111, 160
0.7802972793579102, 112, 158
0.7866837978363037, 112, 157
0.7919185161590576, 114, 156
0.7980890274047852, 114, 155
0.8035757541656494, 115, 154
0.8096132278442383, 116, 158
0.8149702548980713, 117, 158
0.8210375308990479, 118, 158
0.827430009841919, 119, 160
0.8337574005126953, 120, 155
0.8400130271911621, 121, 153
0.8457562923431396, 122, 154
0.8515968322753906, 123, 154
0.8579459190368652, 124, 154
0.8633463382720947, 125, 157
0.8694760799407959, 126, 158
0.8748660087585449, 126, 155
0.8816134929656982, 128, 153
0.8879852294921875, 128, 154
0.8933882713317871, 130, 155
0.8996753692626953, 130, 155
0.9050381183624268, 131, 157
0.911158561706543, 132, 158
0.9174864292144775, 133, 156
0.9227392673492432, 134, 155
0.9290437698364258, 135, 154
0.9352304935455322, 136, 154
0.9412505626678467, 136, 156
0.9475624561309814, 138, 156
0.9528825283050537, 139, 160
0.9592700004577637, 140, 159
0.9646487236022949, 140, 156
0.9707071781158447, 141, 158
0.9768264293670654, 142, 157
0.983405351638794, 144, 157
0.9895365238189697, 144, 155
0.9948728084564209, 146, 155
1.000920057296753, 146, 154
