0.008125066757202148, 0, 0
0.014616966247558594, 0, 0
0.02089667320251465, 0, 0
0.02700018882751465, 0, 7
0.03235578536987305, 1, 7
0.03876662254333496, 1, 41
0.04396414756774902, 2, 19
0.05002331733703613, 3, 19
0.05573701858520508, 4, 131
0.06299614906311035, 5, 153
0.06920647621154785, 7, 173
0.07432365417480469, 8, 198
0.08036541938781738, 9, 196
0.08672142028808594, 10, 206
0.09195876121520996, 12, 223
0.09811615943908691, 13, 224
0.10361957550048828, 15, 239
0.10969710350036621, 16, 253
0.11678409576416016, 18, 263
0.1221609115600586, 19, 267
0.12830209732055664, 21, 275
0.13378429412841797, 23, 281
0.13988494873046875, 25, 284
0.14522099494934082, 27, 291
0.1514265537261963, 29, 293
0.15771746635437012, 30, 298
0.16392064094543457, 32, 300
0.1700301170349121, 34, 302
0.17573142051696777, 36, 307
0.18156838417053223, 37, 309
0.18795394897460938, 39, 313
0.19336414337158203, 41, 314
0.19951629638671875, 43, 317
0.20487356185913086, 45, 326
0.210906982421875, 47, 324
0.2180345058441162, 49, 322
0.2235865592956543, 51, 327
0.22960925102233887, 53, 329
0.23491430282592773, 55, 329
0.2410881519317627, 57, 332
0.24746346473693848, 59, 329
0.25275444984436035, 61, 327
0.2589688301086426, 63, 329
0.2650315761566162, 65, 336
0.2763521671295166, 69, 339
0.28414034843444824, 71, 337
0.2903788089752197, 73, 338
0.297990083694458, 76, 338
0.3034193515777588, 78, 340
0.30972886085510254, 80, 339
0.31679439544677734, 82, 339
0.32201337814331055, 84, 338
0.3281683921813965, 86, 340
0.3336904048919678, 89, 342
0.3397243022918701, 91, 340
0.34507298469543457, 94, 345
0.3552284240722656, 96, 344
0.3615295886993408, 99, 343
0.373760461807251, 103, 341
0.38706326484680176, 107, 340
0.3998119831085205, 112, 341
0.4127495288848877, 117, 344
0.42392563819885254, 121, 347
0.43739986419677734, 124, 345
0.44986987113952637, 129, 344
0.4633829593658447, 133, 342
0.4747447967529297, 138, 344
0.48920440673828125, 142, 347
0.4982907772064209, 147, 345
0.5132286548614502, 150, 343
0.5223498344421387, 156, 341
0.5369088649749756, 159, 344
0.5498778820037842, 164, 347
0.5612874031066895, 168, 346
0.5739786624908447, 172, 343
0.585296630859375, 176, 342
0.6008737087249756, 181, 343
0.6111211776733398, 185, 345
0.6238963603973389, 189, 345
0.6351075172424316, 192, 344
0.6420440673828125, 194, 345
0.6482377052307129, 197, 346
0.6536812782287598, 199, 344
0.6599018573760986, 201, 343
0.665252685546875, 203, 342
0.6761698722839355, 210, 344
0.6949315071105957, 213, 346
0.7063319683074951, 216, 344
0.7120428085327148, 219, 346
0.7190713882446289, 221, 344
0.7242271900177002, 223, 343
0.7302460670471191, 225, 343
0.7374744415283203, 227, 343
0.7427401542663574, 229, 340
0.7490227222442627, 231, 341
0.7541844844818115, 233, 346
0.7602250576019287, 235, 347
0.76631760597229, 237, 344
0.7715771198272705, 239, 347
0.778109073638916, 241, 343
0.7836377620697021, 243, 344
0.7906379699707031, 245, 343
0.7967305183410645, 247, 342
0.8021399974822998, 249, 343
0.8082919120788574, 251, 343
0.813770055770874, 253, 343
0.8198831081390381, 255, 344
0.8252604007720947, 258, 344
0.8312804698944092, 259, 347
0.8389139175415039, 262, 347
0.844092607498169, 264, 346
0.850163459777832, 266, 345
0.8563013076782227, 268, 347
0.8615732192993164, 270, 343
0.8679783344268799, 272, 343
0.87343430519104, 274, 344
0.8795664310455322, 275, 345
0.8849070072174072, 279, 344
0.8916654586791992, 281, 344
0.8982024192810059, 283, 343
0.9036886692047119, 285, 347
0.9097211360931396, 287, 345
0.9150772094726562, 289, 345
0.9211502075195312, 290, 345
0.9276671409606934, 292, 343
0.9329895973205566, 295, 344
0.9391927719116211, 297, 342
0.9453568458557129, 299, 343
0.9513828754425049, 301, 342
0.9579160213470459, 303, 343
0.9633045196533203, 305, 343
0.9694581031799316, 307, 343
0.9748060703277588, 309, 344
0.9809093475341797, 311, 345
0.9870774745941162, 313, 346
0.9935886859893799, 316, 347
0.9997158050537109, 318, 344
1.0050690174102783, 320, 342
