0.00537109375, 0, 0
0.011889934539794922, 0, 0
0.017332077026367188, 0, 0
0.023455142974853516, -1, -3
0.02877950668334961, -1, -9
0.03483867645263672, -2, -9
0.0413517951965332, -3, -24
0.04763174057006836, -4, -137
0.05369687080383301, -4, -137
0.059422969818115234, -6, -149
0.06534934043884277, -7, -168
0.07168221473693848, -8, -179
0.07710623741149902, -9, -195
0.08323121070861816, -10, -189
0.08858561515808105, -12, -209
0.09593534469604492, -14, -226
0.10233044624328613, -15, -235
0.10762906074523926, -16, -244
0.11371397972106934, -18, -249
0.11947417259216309, -20, -258
0.12537384033203125, -21, -265
0.13173747062683105, -23, -267
0.1371612548828125, -24, -270
0.14328312873840332, -26, -275
0.15043044090270996, -28, -277
0.15559029579162598, -30, -282
0.16185212135314941, -31, -284
0.16733884811401367, -33, -292
0.17350530624389648, -35, -292
0.17891597747802734, -37, -297
0.18510055541992188, -38, -299
0.19138121604919434, -40, -303
0.19754958152770996, -42, -305
0.20360159873962402, -44, -307
0.20901799201965332, -46, -306
0.2150278091430664, -47, -307
0.22137093544006348, -49, -308
0.22670483589172363, -52, -309
0.23296380043029785, -55, -316
0.2579984664916992, -65, -320
0.27460479736328125, -68, -318
0.2879602909088135, -72, -319
0.30882692337036133, -78, -319
0.3233015537261963, -83, -323
0.33865809440612793, -89, -324
0.35398030281066895, -95, -324
0.37168359756469727, -100, -320
0.4034442901611328, -112, -326
0.4239614009857178, -120, -323
0.44739317893981934, -124, -322
0.4584333896636963, -126, -324
0.4644753932952881, -128, -325
0.47060441970825195, -130, -322
0.47583723068237305, -131, -323
0.48244547843933105, -133, -323
0.48767566680908203, -135, -324
0.49376678466796875, -137, -323
0.49953126907348633, -139, -326
0.5063431262969971, -141, -325
0.5126750469207764, -143, -326
0.5178301334381104, -145, -328
0.5238983631134033, -147, -324
0.5300018787384033, -149, -322
0.5352632999420166, -151, -324
0.5418150424957275, -153, -323
0.5473361015319824, -155, -326
0.5544359683990479, -157, -324
0.5605978965759277, -159, -327
0.5660016536712646, -160, -324
0.5724923610687256, -162, -325
0.5776808261871338, -164, -328
0.5837645530700684, -166, -327
0.5895016193389893, -168, -323
0.5951929092407227, -170, -324
0.6017265319824219, -172, -321
0.6080267429351807, -174, -321
0.614067792892456, -176, -324
0.6204080581665039, -178, -324
0.6255679130554199, -180, -325
0.6318309307098389, -182, -325
0.6373236179351807, -184, -324
0.6433992385864258, -186, -327
0.6558206081390381, -190, -327
0.6626505851745605, -192, -325
0.667804479598999, -194, -323
0.6740560531616211, -196, -323
0.6804196834564209, -198, -322
0.6858401298522949, -200, -325
0.692479133605957, -202, -324
0.6977002620697021, -204, -325
0.7047815322875977, -206, -324
0.7112295627593994, -208, -324
0.7164762020111084, -209, -324
0.7229461669921875, -211, -327
0.7280619144439697, -213, -323
0.7343325614929199, -215, -324
0.7404592037200928, -217, -323
0.7456812858581543, -219, -322
0.7518649101257324, -221, -324
0.7580547332763672, -223, -322
0.764336109161377, -225, -324
0.7704575061798096, -227, -323
0.775667667388916, -229, -329
0.7819883823394775, -231, -328
0.7874717712402344, -233, -328
0.7935948371887207, -235, -329
0.7989466190338135, -237, -325
0.8060295581817627, -238, -325
0.8124606609344482, -240, -323
0.8176698684692383, -242, -323
0.8239469528198242, -244, -321
0.8303070068359375, -246, -323
0.8353655338287354, -248, -320
0.8418865203857422, -250, -319
0.847379207611084, -252, -324
0.8534526824951172, -254, -328
0.8605391979217529, -256, -328
0.8657734394073486, -258, -328
0.8719515800476074, -260, -327
0.8774282932281494, -262, -327
0.8850798606872559, -264, -323
0.8914945125579834, -266, -321
0.8968791961669922, -268, -321
0.9032044410705566, -270, -322
0.9100263118743896, -272, -323
0.915285587310791, -274, -325
0.9216537475585938, -276, -322
0.9270920753479004, -278, -327
0.9332311153411865, -280, -327
0.9385983943939209, -282, -326
0.944650411605835, -284, -329
0.9511358737945557, -285, -322
0.9564371109008789, -288, -323
0.9637222290039062, -290, -320
0.969491720199585, -292, -322
0.9751338958740234, -294, -323
0.9814653396606445, -296, -320
0.9868757724761963, -298, -326
0.9930133819580078, -299, -322
0.9984169006347656, -301, -327
1.0044569969177246, -303, -326
