0.005364418029785156, 0, 0
0.011647462844848633, 0, 0
0.016965866088867188, 0, -3
0.02324700355529785, -1, -24
0.029711484909057617, -2, -9
0.03512120246887207, -3, -47
0.041259765625, -5, -180
0.04776406288146973, -7, -206
0.05342245101928711, -9, -287
0.060009002685546875, -11, -296
0.06551933288574219, -13, -349
0.07170248031616211, -15, -380
0.0771036148071289, -19, -417
0.08334112167358398, -21, -448
0.08968496322631836, -25, -493
0.09595823287963867, -28, -518
0.10205960273742676, -31, -537
0.10825562477111816, -35, -569
0.11352086067199707, -39, -589
0.12004542350769043, -42, -595
0.12553858757019043, -46, -621
0.13153481483459473, -49, -642
0.13689088821411133, -54, -658
0.1429450511932373, -58, -672
0.15012025833129883, -63, -682
0.15560626983642578, -67, -696
0.16169261932373047, -71, -705
0.16712117195129395, -75, -716
0.17402386665344238, -80, -729
0.18081140518188477, -84, -736
0.18593049049377441, -89, -748
0.19202399253845215, -93, -753
0.19943928718566895, -98, -762
0.20470595359802246, -103, -771
0.21117591857910156, -107, -774
0.21654462814331055, -117, -790
0.22986078262329102, -123, -797
0.23528671264648438, -128, -799
0.24173998832702637, -133, -804
0.24895977973937988, -138, -804
0.254591703414917, -143, -813
0.26088786125183105, -148, -816
0.2660396099090576, -153, -820
0.2720921039581299, -157, -821
0.27823662757873535, -163, -821
0.28350138664245605, -167, -830
0.2898995876312256, -173, -833
0.29536867141723633, -177, -834
0.3026747703552246, -183, -836
0.30881237983703613, -188, -838
0.31404733657836914, -193, -838
0.320237398147583, -198, -843
0.32573890686035156, -203, -846
0.331866979598999, -208, -845
0.33725786209106445, -213, -847
0.34349918365478516, -218, -849
0.35091257095336914, -223, -850
0.3560643196105957, -229, -853
0.3625662326812744, -233, -850
0.3686974048614502, -239, -852
0.37393665313720703, -244, -857
0.38013744354248047, -249, -854
0.38561511039733887, -254, -855
0.39170336723327637, -259, -854
0.3971281051635742, -265, -855
0.40418004989624023, -269, -859
0.41063570976257324, -275, -860
0.4158167839050293, -280, -855
0.42207884788513184, -285, -862
0.4282045364379883, -290, -859
0.4335019588470459, -295, -862
0.43988490104675293, -301, -863
0.445284366607666, -306, -860
0.45229554176330566, -311, -863
0.4586484432220459, -316, -865
0.4638180732727051, -321, -862
0.4702155590057373, -327, -863
0.47576236724853516, -331, -862
0.48198843002319336, -337, -869
0.4877359867095947, -342, -870
0.49338793754577637, -347, -866
0.4997439384460449, -353, -866
0.506096363067627, -357, -865
0.5121569633483887, -363, -868
0.5183084011077881, -368, -869
0.5235645771026611, -373, -867
0.529921293258667, -379, -862
0.5353848934173584, -383, -867
0.5416765213012695, -389, -867
0.5470898151397705, -394, -870
0.5541603565216064, -399, -868
0.5603094100952148, -405, -864
0.5658202171325684, -410, -868
0.5719003677368164, -415, -868
0.5776419639587402, -420, -866
0.5832996368408203, -423, -865
0.5896382331848145, -431, -866
0.5950579643249512, -436, -867
0.6014385223388672, -441, -871
0.6085469722747803, -446, -866
0.6137635707855225, -451, -862
0.6253688335418701, -463, -873
0.63283371925354, -467, -867
0.6389853954315186, -472, -866
0.6446421146392822, -477, -869
0.6510977745056152, -484, -867
0.6571464538574219, -489, -869
0.6633706092834473, -495, -863
0.6697220802307129, -500, -866
0.6751456260681152, -505, -872
0.6813051700592041, -509, -869
0.6866614818572998, -514, -870
0.6927087306976318, -519, -869
0.698854923248291, -524, -864
0.7053279876708984, -531, -871
0.7114982604980469, -535, -870
0.7168362140655518, -542, -868
0.7230589389801025, -545, -869
0.7296309471130371, -552, -868
0.7349529266357422, -557, -871
0.7411653995513916, -561, -868
0.7462842464447021, -566, -867
0.7525677680969238, -571, -865
0.7596580982208252, -578, -870
0.7650642395019531, -583, -872
0.7712056636810303, -587, -869
0.7765657901763916, -592, -867
0.7828450202941895, -597, -864
0.7892348766326904, -603, -871
0.7942812442779541, -608, -869
0.8008036613464355, -613, -867
0.8069541454315186, -620, -865
0.8130202293395996, -623, -871
0.8194198608398438, -629, -870
0.8246710300445557, -634, -870
0.8309621810913086, -639, -867
0.8361082077026367, -644, -866
0.8425593376159668, -649, -868
0.8486948013305664, -655, -870
0.8539354801177979, -661, -868
0.8613998889923096, -665, -866
0.8667623996734619, -672, -866
0.8728399276733398, -675, -870
0.8791894912719727, -681, -872
0.8842315673828125, -686, -870
0.8907959461212158, -691, -870
0.8959140777587891, -697, -868
0.9021804332733154, -701, -869
0.909599781036377, -707, -871
0.9150261878967285, -714, -868
0.9212057590484619, -717, -867
0.9265456199645996, -723, -869
0.9326260089874268, -728, -870
0.9387094974517822, -733, -870
0.9439668655395508, -738, -865
0.950157880783081, -743, -868
0.9556453227996826, -751, -873
0.9628968238830566, -754, -872
0.969231367111206, -759, -868
0.9742693901062012, -764, -867
0.9807045459747314, -769, -868
0.9858722686767578, -775, -869
0.992133617401123, -780, -871
0.9982497692108154, -785, -866
1.003509759902954, -791, -869
