0.006463050842285156, 0, 0
0.012515783309936523, 0, 3
0.018883943557739258, 1, 3
0.024351119995117188, 2, 22
0.030552148818969727, 3, 14
0.03592491149902344, 4, 44
0.04194521903991699, 5, 196
0.04830169677734375, 6, 207
0.05451226234436035, 9, 277
0.060845375061035156, 11, 287
0.06696844100952148, 13, 324
0.07220816612243652, 16, 372
0.07862973213195801, 18, 392
0.08403396606445312, 21, 404
0.0901498794555664, 23, 431
0.09549951553344727, 26, 452
0.10156440734863281, 30, 477
0.10876250267028809, 32, 491
0.11425566673278809, 36, 510
0.12044191360473633, 39, 521
0.1257941722869873, 42, 539
0.1318674087524414, 44, 550
0.13837409019470215, 49, 562
0.1437520980834961, 53, 572
0.14991402626037598, 55, 578
0.15639114379882812, 60, 594
0.16211271286010742, 64, 604
0.1685183048248291, 68, 611
0.17392492294311523, 71, 617
0.18024277687072754, 74, 618
0.18560338020324707, 78, 622
0.19168567657470703, 81, 624
0.19801592826843262, 85, 630
0.20326781272888184, 90, 631
0.21029996871948242, 92, 637
0.2156505584716797, 98, 637
0.22173380851745605, 100, 637
0.22808194160461426, 104, 639
0.2333359718322754, 108, 646
0.23978471755981445, 112, 650
0.24489927291870117, 116, 652
0.25095605850219727, 120, 654
0.2581794261932373, 124, 661
0.2634575366973877, 129, 660
0.2699155807495117, 132, 669
0.2750215530395508, 136, 673
0.2813079357147217, 140, 678
0.2874624729156494, 147, 680
0.3002476692199707, 154, 684
0.30566978454589844, 158, 689
0.31286072731018066, 162, 694
0.31952905654907227, 166, 692
0.3246650695800781, 170, 694
0.33078479766845703, 174, 691
0.33814573287963867, 178, 697
0.34339332580566406, 183, 701
0.34964704513549805, 187, 702
0.3547780513763428, 193, 706
0.36201977729797363, 196, 698
0.3683502674102783, 200, 701
0.3738245964050293, 206, 702
0.37995147705078125, 208, 705
0.3853118419647217, 212, 710
0.39139366149902344, 217, 709
0.39762234687805176, 221, 709
0.40296435356140137, 225, 708
0.4102210998535156, 231, 713
0.41570448875427246, 236, 717
0.4219534397125244, 238, 714
0.42831993103027344, 242, 714
0.433643102645874, 248, 715
0.43987417221069336, 251, 714
0.4450087547302246, 256, 716
0.45131683349609375, 260, 722
0.4574124813079834, 266, 717
0.46382784843444824, 270, 715
0.4699862003326416, 272, 718
0.4753696918487549, 278, 715
0.48157405853271484, 281, 718
0.4877176284790039, 286, 721
0.4929327964782715, 290, 719
0.4993865489959717, 294, 718
0.5046284198760986, 298, 715
0.5117547512054443, 303, 721
0.5181379318237305, 307, 722
0.5233652591705322, 312, 722
0.529853105545044, 316, 719
0.5349774360656738, 320, 720
0.5414023399353027, 324, 721
0.5475776195526123, 329, 721
0.5527966022491455, 333, 724
0.5589909553527832, 338, 724
0.5653893947601318, 342, 720
0.5714426040649414, 346, 721
0.5775628089904785, 350, 722
0.5827796459197998, 355, 727
0.5889589786529541, 359, 723
0.594465970993042, 364, 723
0.6007072925567627, 368, 721
0.6064693927764893, 372, 721
0.6130473613739014, 376, 723
0.6196238994598389, 381, 726
0.6247537136077881, 385, 724
0.6308214664459229, 390, 722
0.636906623840332, 394, 725
0.6421830654144287, 398, 725
0.6486289501190186, 403, 726
0.654083251953125, 407, 725
0.6604049205780029, 412, 725
0.6675031185150146, 416, 722
0.6727590560913086, 420, 723
0.6789746284484863, 424, 725
0.6844799518585205, 429, 727
0.6948528289794922, 438, 723
0.7027411460876465, 442, 726
0.7092909812927246, 446, 728
0.7154781818389893, 452, 727
0.7218050956726074, 455, 726
0.7281904220581055, 459, 726
0.7334539890289307, 464, 726
0.7397298812866211, 468, 725
0.7448599338531494, 472, 726
0.7509005069732666, 477, 727
0.7570364475250244, 481, 728
0.7623047828674316, 487, 721
0.7698404788970947, 490, 722
0.7749590873718262, 494, 726
0.7814526557922363, 498, 728
0.7876183986663818, 503, 725
0.793025016784668, 507, 724
0.7994349002838135, 512, 725
0.8046517372131348, 516, 724
0.810774564743042, 520, 723
0.8181619644165039, 524, 727
0.82340407371521, 529, 725
0.829664945602417, 534, 722
0.8348042964935303, 538, 722
0.8412857055664062, 542, 726
0.8474056720733643, 546, 728
0.8526310920715332, 551, 727
0.8588166236877441, 555, 725
0.8643510341644287, 560, 719
0.8714430332183838, 564, 722
0.8775777816772461, 568, 727
0.882779598236084, 572, 728
0.8890447616577148, 577, 724
0.8945174217224121, 581, 722
0.9007821083068848, 586, 722
0.9064874649047852, 590, 725
0.9121625423431396, 594, 730
0.9197244644165039, 599, 724
0.92486572265625, 603, 724
0.9309282302856445, 607, 722
0.937272310256958, 612, 722
0.9423167705535889, 616, 728
0.9486281871795654, 620, 724
0.9540364742279053, 625, 725
0.9603712558746338, 629, 721
0.9657478332519531, 634, 722
0.9727809429168701, 638, 724
0.9789369106292725, 642, 724
0.9844608306884766, 648, 727
0.9936325550079346, 656, 724
1.005429983139038, 662, 726
