0.005244255065917969, 0, 0
0.011681079864501953, 0, 0
0.016984939575195312, 0, 0
0.023166894912719727, 0, -2
0.030312538146972656, -1, -6
0.03586888313293457, -1, -14
0.041961669921875, -1, -14
0.047308921813964844, -1, -14
0.053353071212768555, -2, -62
0.059975624084472656, -3, -74
0.06540226936340332, -3, -81
0.07152080535888672, -4, -93
0.07662248611450195, -5, -86
0.08367228507995605, -5, -91
0.09001851081848145, -6, -104
0.09543180465698242, -7, -109
0.1015787124633789, -7, -110
0.10698485374450684, -8, -117
0.11304521560668945, -9, -120
0.11918163299560547, -9, -123
0.12456846237182617, -10, -124
0.13198161125183105, -11, -125
0.13739323616027832, -12, -131
0.14347052574157715, -13, -131
0.14978933334350586, -13, -133
0.15517854690551758, -15, -135
0.16144084930419922, -15, -136
0.16658234596252441, -16, -137
0.1726081371307373, -17, -139
0.17897272109985352, -18, -144
0.18559908866882324, -19, -145
0.1917870044708252, -19, -142
0.1971290111541748, -21, -145
0.20318818092346191, -21, -146
0.2095651626586914, -22, -143
0.21459603309631348, -23, -143
0.2211298942565918, -24, -146
0.22626090049743652, -25, -143
0.23331832885742188, -25, -145
0.23990130424499512, -27, -147
0.24526166915893555, -27, -147
0.25149106979370117, -29, -147
0.2642233371734619, -30, -145
0.2705862522125244, -31, -144
0.276092529296875, -32, -144
0.2823753356933594, -33, -149
0.28978610038757324, -34, -146
0.29517149925231934, -35, -146
0.301546573638916, -35, -152
0.30691981315612793, -37, -147
0.31298208236694336, -37, -146
0.31921863555908203, -38, -151
0.32443737983703613, -39, -150
0.3306090831756592, -40, -146
0.33713245391845703, -41, -150
0.34317803382873535, -42, -148
0.34951066970825195, -43, -149
0.35457587242126465, -43, -149
0.361264705657959, -45, -149
0.36641621589660645, -45, -151
0.3725166320800781, -46, -151
0.378873348236084, -47, -149
0.38495945930480957, -48, -148
0.3915281295776367, -49, -147
0.3969109058380127, -50, -147
0.40299415588378906, -51, -147
0.409168004989624, -52, -151
0.4144411087036133, -53, -151
0.42113327980041504, -53, -149
0.4262509346008301, -54, -148
0.4323265552520752, -55, -149
0.439633846282959, -56, -145
0.44490671157836914, -57, -145
0.4512302875518799, -58, -150
0.4563591480255127, -59, -150
0.4624521732330322, -60, -148
0.46855950355529785, -61, -150
0.4738330841064453, -61, -147
0.4803590774536133, -62, -147
0.4866163730621338, -63, -147
0.49296045303344727, -64, -150
0.49912142753601074, -65, -150
0.5043549537658691, -66, -150
0.5104963779449463, -67, -153
0.5159928798675537, -68, -148
0.5222704410552979, -69, -148
0.5280447006225586, -69, -148
0.5337045192718506, -71, -149
0.5413799285888672, -71, -149
0.5465655326843262, -72, -150
0.5526306629180908, -73, -152
0.5589618682861328, -74, -150
0.5641160011291504, -75, -150
0.5703692436218262, -76, -150
0.575890302658081, -77, -147
0.5819418430328369, -78, -146
0.5890324115753174, -79, -148
0.5942716598510742, -79, -147
0.6006350517272949, -81, -150
0.6061475276947021, -81, -151
0.6122298240661621, -82, -147
0.6179625988006592, -83, -148
0.6236255168914795, -84, -151
0.6299548149108887, -85, -147
0.6353931427001953, -86, -151
0.642207145690918, -87, -151
0.6475722789764404, -87, -150
0.6538188457489014, -89, -152
0.6660890579223633, -90, -151
0.6723740100860596, -91, -150
0.678093671798706, -92, -149
0.6840536594390869, -93, -149
0.691582202911377, -94, -147
0.6969578266143799, -95, -151
0.7030117511749268, -95, -151
0.7091469764709473, -97, -152
0.7143805027008057, -97, -151
0.721024751663208, -98, -148
0.7262232303619385, -99, -146
0.7323281764984131, -100, -148
0.7380847930908203, -101, -147
0.7450201511383057, -102, -145
0.7513206005096436, -103, -149
0.7564318180084229, -104, -149
0.7625119686126709, -105, -149
0.7686314582824707, -105, -149
0.7740392684936523, -107, -150
0.7805056571960449, -107, -149
0.7859997749328613, -108, -147
0.7930159568786621, -109, -147
0.7991383075714111, -110, -150
0.8044097423553467, -111, -149
0.8105738162994385, -112, -149
0.8160607814788818, -113, -153
0.8221309185028076, -113, -153
0.8274548053741455, -115, -149
0.833545446395874, -115, -150
0.8400614261627197, -116, -149
0.8464126586914062, -117, -147
0.8525099754333496, -118, -147
0.8586349487304688, -119, -150
0.8640420436859131, -120, -151
0.8702573776245117, -121, -150
0.8756942749023438, -121, -150
0.8818264007568359, -123, -148
0.8872566223144531, -123, -145
0.8943519592285156, -124, -144
0.9010002613067627, -125, -145
0.9061858654022217, -126, -149
0.9124958515167236, -127, -149
0.9188442230224609, -128, -148
0.9240376949310303, -129, -151
0.9302527904510498, -129, -151
0.9356675148010254, -131, -146
0.9418132305145264, -131, -150
0.9486157894134521, -132, -148
0.9538781642913818, -133, -148
0.9603712558746338, -134, -149
0.9658725261688232, -135, -149
0.9719579219818115, -136, -147
0.9773428440093994, -137, -147
0.9833705425262451, -137, -150
0.9897418022155762, -138, -149
0.9961042404174805, -139, -147
1.0021796226501465, -140, -147
