0.00621795654296875, 0, 0
0.012491941452026367, 0, 0
0.01819753646850586, -1, -2
0.023995399475097656, -1, -7
0.030472517013549805, -2, -14
0.035962581634521484, -3, -88
0.04196429252624512, -3, -19
0.04730987548828125, -5, -147
0.053344011306762695, -6, -141
0.06073498725891113, -8, -204
0.066192626953125, -9, -238
0.07230353355407715, -11, -255
0.07768535614013672, -13, -279
0.08368086814880371, -14, -295
0.0900259017944336, -16, -301
0.09533047676086426, -19, -314
0.10156035423278809, -20, -332
0.10806894302368164, -23, -346
0.11375546455383301, -25, -366
0.12029314041137695, -27, -368
0.12571287155151367, -30, -387
0.13200020790100098, -33, -395
0.13735723495483398, -35, -400
0.1434316635131836, -37, -407
0.1498410701751709, -39, -414
0.15508270263671875, -43, -419
0.16208171844482422, -45, -424
0.1674342155456543, -48, -431
0.17349028587341309, -49, -439
0.18000411987304688, -52, -443
0.18533825874328613, -56, -450
0.19154739379882812, -58, -453
0.19666695594787598, -61, -453
0.20298099517822266, -63, -460
0.21008610725402832, -67, -459
0.21634936332702637, -69, -463
0.2224738597869873, -73, -464
0.2281954288482666, -75, -468
0.23386383056640625, -80, -476
0.24699664115905762, -85, -476
0.2532517910003662, -87, -479
0.26044487953186035, -91, -481
0.2659907341003418, -93, -480
0.2722172737121582, -99, -480
0.28267884254455566, -101, -484
0.29001450538635254, -104, -487
0.2953667640686035, -108, -490
0.3026118278503418, -111, -490
0.3094027042388916, -115, -484
0.3159158229827881, -118, -486
0.32210683822631836, -121, -488
0.3274688720703125, -124, -489
0.33371758460998535, -127, -493
0.34011006355285645, -130, -492
0.3455049991607666, -133, -493
0.35166501998901367, -135, -492
0.35704803466796875, -139, -491
0.364194393157959, -141, -492
0.37061309814453125, -145, -492
0.3761594295501709, -147, -496
0.38222455978393555, -151, -494
0.387561559677124, -153, -495
0.3938000202178955, -157, -498
0.4001626968383789, -159, -497
0.40558767318725586, -163, -495
0.4124314785003662, -165, -494
0.4182257652282715, -169, -495
0.42413806915283203, -171, -498
0.43039727210998535, -175, -499
0.43581461906433105, -177, -499
0.4419229030609131, -179, -498
0.4472620487213135, -183, -498
0.4533119201660156, -185, -498
0.4597020149230957, -189, -494
0.46602487564086914, -192, -495
0.47207212448120117, -195, -495
0.4774320125579834, -199, -501
0.4836432933807373, -200, -499
0.4899911880493164, -203, -502
0.4953184127807617, -207, -502
0.5015377998352051, -209, -497
0.5066986083984375, -212, -498
0.5137865543365479, -216, -496
0.5203499794006348, -219, -498
0.5257887840270996, -222, -501
0.5319440364837646, -224, -499
0.5373132228851318, -228, -499
0.543555736541748, -230, -498
0.549854040145874, -233, -498
0.5551259517669678, -236, -495
0.5614500045776367, -240, -497
0.5675833225250244, -243, -498
0.5736303329467773, -245, -498
0.5799696445465088, -248, -502
0.5853104591369629, -252, -501
0.5915396213531494, -254, -496
0.5966744422912598, -257, -498
0.6031208038330078, -260, -499
0.6092777252197266, -263, -496
0.6156988143920898, -267, -502
0.6218879222869873, -269, -499
0.6272461414337158, -273, -501
0.633303165435791, -275, -502
0.64534592628479, -282, -497
0.6518833637237549, -284, -499
0.657231330871582, -288, -498
0.6635904312133789, -291, -499
0.6713998317718506, -294, -501
0.6765453815460205, -297, -498
0.6826090812683105, -300, -501
0.6887316703796387, -303, -502
0.6939735412597656, -306, -499
0.7003524303436279, -309, -496
0.70578932762146, -312, -499
0.7119028568267822, -314, -495
0.7190451622009277, -318, -501
0.7244570255279541, -321, -500
0.7306773662567139, -324, -502
0.7361714839935303, -327, -504
0.7422623634338379, -330, -497
0.7476632595062256, -333, -498
0.753692626953125, -335, -499
0.7600753307342529, -339, -497
0.7654731273651123, -342, -501
0.772428035736084, -345, -498
0.7781870365142822, -348, -504
0.7841479778289795, -351, -496
0.7904577255249023, -354, -499
0.7959866523742676, -357, -499
0.802039623260498, -360, -496
0.807396650314331, -363, -499
0.813507080078125, -365, -500
0.8206143379211426, -369, -499
0.8261106014251709, -372, -501
0.8322336673736572, -375, -501
0.8375637531280518, -378, -498
0.843780517578125, -381, -496
0.8501439094543457, -384, -496
0.8555617332458496, -387, -499
0.8617110252380371, -389, -499
0.8670699596405029, -393, -500
0.8738255500793457, -396, -503
0.8801755905151367, -399, -499
0.8855886459350586, -402, -498
0.8917484283447266, -404, -498
0.897085428237915, -408, -498
0.903325080871582, -410, -497
0.9098110198974609, -413, -499
0.9150936603546143, -416, -504
0.9221549034118652, -420, -499
0.9275586605072021, -423, -505
0.9335987567901611, -425, -500
0.9399209022521973, -428, -498
0.9452517032623291, -432, -499
0.9514815807342529, -434, -498
0.9566550254821777, -437, -497
0.9631030559539795, -440, -502
0.9692401885986328, -444, -496
0.9756357669830322, -447, -501
0.9818069934844971, -449, -498
0.9872395992279053, -453, -497
0.9932801723480225, -455, -498
0.9994041919708252, -458, -495
1.0046136379241943, -461, -502
