0.006382942199707031, 0, 0
0.01193380355834961, 0, 2
0.018623828887939453, 1, 2
0.024773597717285156, 1, 7
0.030985116958618164, 2, 57
0.03732180595397949, 3, 21
0.04274868965148926, 5, 136
0.04896903038024902, 5, 189
0.054082393646240234, 7, 196
0.06062030792236328, 9, 224
0.06675434112548828, 10, 256
0.07309699058532715, 13, 282
0.0792393684387207, 14, 293
0.08456707000732422, 16, 314
0.09060144424438477, 18, 334
0.09675025939941406, 20, 351
0.10200333595275879, 23, 370
0.1084737777709961, 25, 384
0.11372089385986328, 27, 394
0.11997365951538086, 30, 401
0.1272130012512207, 33, 412
0.13248395919799805, 35, 417
0.13890361785888672, 38, 431
0.14403271675109863, 41, 440
0.1501173973083496, 43, 444
0.1564807891845703, 46, 456
0.1617259979248047, 49, 463
0.16791057586669922, 51, 463
0.17413854598999023, 55, 472
0.18062829971313477, 57, 476
0.1867828369140625, 60, 474
0.19200444221496582, 63, 483
0.19837713241577148, 66, 485
0.20363211631774902, 69, 495
0.20969200134277344, 72, 497
0.2150557041168213, 75, 496
0.2210850715637207, 78, 498
0.2285151481628418, 81, 498
0.2336733341217041, 84, 503
0.23989510536193848, 87, 501
0.2460312843322754, 90, 508
0.2512822151184082, 93, 510
0.25760674476623535, 96, 512
0.26302361488342285, 99, 516
0.2693367004394531, 103, 514
0.27648425102233887, 109, 515
0.28938984870910645, 113, 516
0.2949254512786865, 116, 520
0.30122947692871094, 119, 520
0.3077423572540283, 122, 523
0.31400156021118164, 125, 522
0.32042527198791504, 129, 522
0.32744812965393066, 133, 522
0.33277368545532227, 136, 522
0.3389923572540283, 138, 527
0.3441147804260254, 141, 527
0.35013699531555176, 144, 530
0.35651588439941406, 147, 526
0.3619382381439209, 151, 527
0.3681049346923828, 154, 526
0.37360167503356934, 158, 523
0.38072705268859863, 160, 528
0.3871011734008789, 163, 529
0.39211392402648926, 167, 532
0.3987860679626465, 170, 533
0.4039127826690674, 173, 531
0.4104495048522949, 176, 531
0.41657090187072754, 179, 529
0.42199230194091797, 183, 531
0.42931509017944336, 187, 527
0.4347515106201172, 190, 532
0.4408299922943115, 192, 534
0.44716501235961914, 195, 530
0.45246458053588867, 199, 532
0.4587385654449463, 201, 532
0.46386122703552246, 205, 531
0.4699687957763672, 208, 530
0.47607851028442383, 211, 531
0.482757568359375, 215, 535
0.48899292945861816, 217, 533
0.4941234588623047, 221, 530
0.5004122257232666, 224, 534
0.5064849853515625, 227, 533
0.5116949081420898, 231, 528
0.5178704261779785, 233, 533
0.5233807563781738, 237, 535
0.5306575298309326, 240, 532
0.5367927551269531, 243, 533
0.5423917770385742, 247, 535
0.548694372177124, 249, 533
0.5538666248321533, 253, 531
0.5599339008331299, 256, 529
0.5660417079925537, 259, 534
0.5712862014770508, 263, 536
0.5776510238647461, 266, 534
0.5839564800262451, 269, 537
0.5900161266326904, 272, 535
0.5961184501647949, 275, 534
0.6017289161682129, 279, 535
0.6079230308532715, 282, 531
0.6134383678436279, 285, 539
0.6194651126861572, 288, 535
0.624805212020874, 291, 534
0.6316161155700684, 295, 535
0.6378617286682129, 298, 531
0.6433522701263428, 301, 531
0.6494007110595703, 304, 532
0.6547672748565674, 307, 532
0.6610233783721924, 309, 531
0.667393684387207, 313, 531
0.6727321147918701, 317, 531
0.6789278984069824, 323, 530
0.6916322708129883, 327, 530
0.6980435848236084, 329, 531
0.7035572528839111, 333, 533
0.7098112106323242, 336, 534
0.7155492305755615, 339, 535
0.7216978073120117, 343, 532
0.7278764247894287, 346, 530
0.734372615814209, 349, 530
0.7404263019561768, 352, 528
0.7465400695800781, 355, 533
0.7518041133880615, 359, 532
0.7579946517944336, 362, 535
0.7634842395782471, 365, 532
0.7695353031158447, 368, 532
0.7749156951904297, 371, 532
0.7811601161956787, 375, 529
0.7888672351837158, 377, 531
0.7940018177032471, 381, 532
0.8000600337982178, 384, 533
0.8063952922821045, 387, 534
0.8116035461425781, 390, 527
0.8178184032440186, 393, 533
0.8232967853546143, 397, 527
0.8293337821960449, 399, 531
0.8364944458007812, 403, 536
0.8419203758239746, 406, 536
0.8480668067932129, 409, 535
0.8535568714141846, 413, 537
0.8596243858337402, 416, 530
0.8650102615356445, 419, 535
0.8710460662841797, 421, 533
0.8773849010467529, 425, 528
0.8826797008514404, 429, 535
0.8896443843841553, 432, 535
0.8950390815734863, 435, 533
0.901221752166748, 439, 532
0.9075644016265869, 441, 532
0.9129822254180908, 445, 530
0.9193270206451416, 447, 532
0.9247019290924072, 451, 532
0.9307219982147217, 453, 537
0.9377269744873047, 457, 535
0.9431726932525635, 461, 536
0.9493334293365479, 463, 534
0.9546899795532227, 467, 532
0.9609231948852539, 469, 531
0.9672446250915527, 473, 533
0.9724795818328857, 476, 536
0.9787852764129639, 479, 535
0.9839410781860352, 483, 537
0.9910280704498291, 485, 533
0.9973371028900146, 489, 531
1.0026719570159912, 493, 535
