0.005131959915161133, 0, 0
0.011378288269042969, 0, 0
0.017422914505004883, 0, 0
0.02296590805053711, -1, -7
0.02934718132019043, -2, -17
0.034859657287597656, -2, -21
0.04091310501098633, -4, -86
0.04805707931518555, -5, -110
0.05325603485107422, -7, -231
0.060053348541259766, -9, -275
0.0651848316192627, -11, -291
0.0713958740234375, -13, -330
0.07752227783203125, -16, -357
0.08277750015258789, -18, -386
0.08911633491516113, -20, -399
0.094512939453125, -23, -424
0.10139799118041992, -26, -440
0.10778021812438965, -29, -460
0.11278700828552246, -32, -466
0.11929559707641602, -35, -483
0.12479567527770996, -38, -504
0.13085579872131348, -41, -511
0.13619232177734375, -44, -527
0.1422429084777832, -46, -536
0.14929699897766113, -51, -544
0.15481138229370117, -54, -553
0.16088581085205078, -58, -559
0.16623997688293457, -61, -569
0.17227745056152344, -64, -581
0.17879724502563477, -67, -586
0.18413376808166504, -72, -596
0.19038844108581543, -80, -600
0.20943546295166016, -90, -624
0.22586870193481445, -102, -628
0.24784135818481445, -117, -644
0.271864652633667, -129, -645
0.28457117080688477, -136, -654
0.3098795413970947, -155, -662
0.3319108486175537, -171, -662
0.35099339485168457, -188, -667
0.3751983642578125, -211, -674
0.40903139114379883, -226, -674
0.4438958168029785, -246, -670
0.46205711364746094, -256, -674
0.4744408130645752, -263, -674
0.4852128028869629, -272, -673
0.5002379417419434, -280, -676
0.5113394260406494, -289, -671
0.5226974487304688, -297, -673
0.5354690551757812, -306, -676
0.5486810207366943, -314, -675
0.5619912147521973, -324, -673
0.5747761726379395, -330, -675
0.5860426425933838, -339, -674
0.5991530418395996, -348, -677
0.6114242076873779, -356, -678
0.622793436050415, -368, -671
0.6425621509552002, -376, -673
0.6558983325958252, -385, -675
0.6637883186340332, -389, -670
0.670133113861084, -393, -672
0.675278902053833, -397, -671
0.6813404560089111, -401, -674
0.6875150203704834, -405, -675
0.6927623748779297, -409, -675
0.7023756504058838, -417, -674
0.7154426574707031, -426, -681
0.7264702320098877, -432, -675
0.7331221103668213, -436, -674
0.7393457889556885, -440, -670
0.7448289394378662, -444, -678
0.7508809566497803, -448, -673
0.7562024593353271, -452, -679
0.7633397579193115, -456, -679
0.769495964050293, -460, -676
0.7749834060668945, -464, -676
0.7812209129333496, -468, -671
0.7869668006896973, -472, -675
0.7926101684570312, -476, -677
0.7989916801452637, -480, -677
0.8044047355651855, -484, -674
0.8105776309967041, -489, -672
0.8175039291381836, -493, -672
0.8228023052215576, -497, -678
0.8291537761688232, -501, -679
0.8345835208892822, -506, -679
0.8424239158630371, -509, -674
0.848963737487793, -514, -673
0.854386568069458, -518, -676
0.8605644702911377, -522, -679
0.8675076961517334, -526, -676
0.8727681636810303, -531, -675
0.8791685104370117, -535, -679
0.8845679759979248, -539, -672
0.8907182216644287, -542, -675
0.8960590362548828, -547, -679
0.9023027420043945, -550, -680
0.9086530208587646, -554, -677
0.9149153232574463, -559, -674
0.9210267066955566, -563, -673
0.9263603687286377, -567, -673
0.9323976039886475, -570, -676
0.9387495517730713, -574, -681
0.9439611434936523, -579, -676
0.9502770900726318, -582, -675
0.9554293155670166, -586, -672
0.9619066715240479, -592, -676
0.9690039157867432, -596, -678
0.9744114875793457, -600, -679
0.9807319641113281, -602, -676
0.9860939979553223, -608, -675
0.9921820163726807, -610, -674
0.9985425472259521, -614, -676
1.003821611404419, -618, -677
