0.008453845977783203, 0, 0
0.02241063117980957, 0, 0
0.02881336212158203, 0, 3
0.03404092788696289, 1, 21
0.041153907775878906, 2, 14
0.04760479927062988, 4, 139
0.05285835266113281, 6, 168
0.05940842628479004, 8, 276
0.06478190422058105, 10, 324
0.0708763599395752, 12, 383
0.07704710960388184, 15, 401
0.08230328559875488, 18, 451
0.08956551551818848, 21, 486
0.09498286247253418, 26, 513
0.10105156898498535, 28, 545
0.1074063777923584, 32, 577
0.11244750022888184, 35, 595
0.11914706230163574, 39, 624
0.12429046630859375, 43, 640
0.13071298599243164, 47, 659
0.13685202598571777, 52, 674
0.14326238632202148, 57, 695
0.14943599700927734, 60, 711
0.15479469299316406, 64, 723
0.16086411476135254, 69, 734
0.16703438758850098, 73, 745
0.17229914665222168, 78, 758
0.17899203300476074, 83, 773
0.1841106414794922, 88, 782
0.1912086009979248, 92, 786
0.1976006031036377, 97, 797
0.2028639316558838, 104, 798
0.20920753479003906, 107, 812
0.21433472633361816, 112, 822
0.2204129695892334, 117, 825
0.22674965858459473, 122, 830
0.23196864128112793, 127, 835
0.23835039138793945, 132, 842
0.2448415756225586, 139, 848
0.2509791851043701, 142, 851
0.2571265697479248, 148, 857
0.26276135444641113, 152, 863
0.26908087730407715, 158, 868
0.274216890335083, 163, 870
0.2803332805633545, 168, 873
0.28669166564941406, 174, 877
0.2930455207824707, 181, 880
0.3035280704498291, 191, 886
0.31288576126098633, 198, 890
0.31937623023986816, 202, 894
0.32476210594177246, 209, 899
0.3310556411743164, 213, 892
0.33754944801330566, 218, 895
0.34383273124694824, 226, 902
0.34995508193969727, 236, 903
0.36510443687438965, 247, 907
0.37837791442871094, 264, 907
0.39512181282043457, 276, 915
0.40938854217529297, 289, 914
0.42215514183044434, 300, 919
0.434323787689209, 311, 916
0.45131540298461914, 328, 918
0.4633362293243408, 344, 923
0.4802088737487793, 350, 923
0.4894216060638428, 359, 922
0.5019447803497314, 376, 925
0.5168137550354004, 387, 920
0.5309534072875977, 402, 927
0.5436906814575195, 418, 928
0.5599846839904785, 426, 929
0.5682575702667236, 437, 924
0.5801799297332764, 446, 930
0.5949394702911377, 459, 928
0.6094503402709961, 470, 930
0.6219000816345215, 487, 927
0.6352741718292236, 498, 929
0.6493229866027832, 508, 927
0.6571109294891357, 513, 929
0.662877082824707, 520, 931
0.6694152355194092, 524, 928
0.6748194694519043, 532, 929
0.6811504364013672, 536, 927
0.6876537799835205, 541, 930
0.6930332183837891, 548, 930
0.7050576210021973, 562, 928
0.7133932113647461, 567, 930
0.7198026180267334, 572, 932
0.7251613140106201, 578, 928
0.7314572334289551, 582, 929
0.7379999160766602, 589, 930
0.7434391975402832, 595, 930
0.7504091262817383, 600, 930
0.7568557262420654, 606, 927
0.7621207237243652, 612, 930
0.7683250904083252, 617, 933
0.7738289833068848, 622, 929
0.7800886631011963, 628, 926
0.7858529090881348, 634, 931
0.7915189266204834, 640, 931
0.7978959083557129, 645, 931
0.8042433261871338, 650, 926
0.8103117942810059, 656, 931
0.8166835308074951, 662, 932
0.8217406272888184, 667, 927
0.8281443119049072, 673, 928
0.8336672782897949, 678, 930
0.839855432510376, 684, 928
0.845329999923706, 690, 929
0.8523199558258057, 695, 928
0.8588418960571289, 701, 929
0.8640644550323486, 706, 928
0.8702392578125, 712, 929
0.8764042854309082, 718, 930
0.8817000389099121, 723, 927
0.8880634307861328, 729, 928
0.8935415744781494, 734, 929
0.8998680114746094, 740, 928
0.9070885181427002, 746, 925
0.9127459526062012, 751, 930
0.9190640449523926, 756, 927
0.9242117404937744, 762, 931
0.930342435836792, 768, 928
0.9367079734802246, 773, 927
0.9419102668762207, 779, 930
0.94815993309021, 784, 931
0.954477071762085, 792, 928
0.9609909057617188, 796, 929
0.9673514366149902, 801, 928
0.9724225997924805, 807, 932
0.978872537612915, 812, 931
0.984081506729126, 818, 925
0.9901957511901855, 824, 934
0.9963395595550537, 829, 931
1.0016498565673828, 836, 931
